	weekday	hour	auction_type	slotprice	payprice	click_prob
0	0	0	SECOND_PRICE	0	95.69304198483326	1.7807513819094694
1	0	0	SECOND_PRICE	0	97.16992277390392	1.2392964532756432
2	0	0	SECOND_PRICE	0	94.07744603976542	1.649719180234968
3	0	0	SECOND_PRICE	0	96.3549051529013	1.9666519517988477
4	0	0	SECOND_PRICE	0	97.12077250723092	1.57575936416359
5	0	1	SECOND_PRICE	0	95.89575369393144	1.5757687864677612
6	0	1	SECOND_PRICE	0	96.26362964974952	1.4721849000052116
7	0	1	SECOND_PRICE	0	96.7725289940413	1.7168761884595467
8	0	1	SECOND_PRICE	0	97.31745614986961	1.4506216164881116
9	0	1	SECOND_PRICE	0	96.89060866744659	1.9111673731929097
10	0	2	SECOND_PRICE	0	94.67197747849832	1.9214425168422182
11	0	2	SECOND_PRICE	0	94.11226341151777	1.6171902274118688
12	0	2	SECOND_PRICE	0	92.61524856232828	1.3757320538231452
13	0	2	SECOND_PRICE	0	97.12299957011504	1.8777810562392823
14	0	2	SECOND_PRICE	0	95.12654615618541	1.2187239255330644
15	0	3	SECOND_PRICE	0	93.33892536963275	1.2198769871895734
16	0	3	SECOND_PRICE	0	97.43964687212497	1.164740853075748
17	0	3	SECOND_PRICE	0	96.74482686628642	1.9754988629107253
18	0	3	SECOND_PRICE	0	93.24269038274042	1.8072685745170438
19	0	3	SECOND_PRICE	0	93.70720104578149	1.5679960927082042
20	0	4	SECOND_PRICE	0	94.74276072165952	1.141451769379445
21	0	4	SECOND_PRICE	0	95.1537420445718	1.3806081458342188
22	0	4	SECOND_PRICE	0	95.55468480441503	1.7524289202531338
23	0	4	SECOND_PRICE	0	92.49495091666405	1.2065876602042829
24	0	4	SECOND_PRICE	0	93.38875531001715	1.5775397027312914
25	0	5	SECOND_PRICE	0	92.17121791651252	1.8888867797339914
26	0	5	SECOND_PRICE	0	95.08693650465145	1.6948231853073445
27	0	5	SECOND_PRICE	0	96.47598128084104	1.4456990173376045
28	0	5	SECOND_PRICE	0	93.8513762559919	1.4175978369330813
29	0	5	SECOND_PRICE	0	95.35390733586506	1.5793521261462016
30	0	6	SECOND_PRICE	0	93.29575720830582	1.3755883875013113
31	0	6	SECOND_PRICE	0	94.14834943467423	1.207033920123852
32	0	6	SECOND_PRICE	0	96.35761179738333	1.6902754681202965
33	0	6	SECOND_PRICE	0	95.73876356588146	1.4025111854011412
34	0	6	SECOND_PRICE	0	94.21478377241928	1.3141647718490388
35	0	7	SECOND_PRICE	0	93.83432786612396	1.7155631018048472
36	0	7	SECOND_PRICE	0	91.92294363473624	1.016658437909368
37	0	7	SECOND_PRICE	0	93.93098363467298	1.9227626329862693
38	0	7	SECOND_PRICE	0	93.14440481207971	1.7391953210498197
39	0	7	SECOND_PRICE	0	93.9759938823494	1.38155288651192
40	0	8	SECOND_PRICE	0	93.33047191871648	1.6695049030729947
41	0	8	SECOND_PRICE	0	94.29737717209584	1.0727963301369012
42	0	8	SECOND_PRICE	0	93.26478644464913	1.8089584569002584
43	0	8	SECOND_PRICE	0	92.87351561811492	1.0813885697510337
44	0	8	SECOND_PRICE	0	92.04823291766479	1.8969856580340718
45	0	9	SECOND_PRICE	0	93.00348589890565	1.5550789759902304
46	0	9	SECOND_PRICE	0	95.16859989131581	1.5236769986781913
47	0	9	SECOND_PRICE	0	94.329058442597	1.284567934476803
48	0	9	SECOND_PRICE	0	95.53907854296469	1.072427794685813
49	0	9	SECOND_PRICE	0	93.33142955970453	1.0485912410432383
50	0	10	SECOND_PRICE	0	97.19220178284245	1.3308841908703863
51	0	10	SECOND_PRICE	0	93.03156316517338	1.2718318933637747
52	0	10	SECOND_PRICE	0	95.72697665733298	1.7422427672894916
53	0	10	SECOND_PRICE	0	97.45407111366814	1.4968968871433244
54	0	10	SECOND_PRICE	0	95.1572169776905	1.3517656241163678
55	0	11	SECOND_PRICE	0	96.64698007366954	1.803605474651574
56	0	11	SECOND_PRICE	0	91.28747405837261	1.7775890496914108
57	0	11	SECOND_PRICE	0	88.1422216105321	1.1439561940220853
58	0	11	SECOND_PRICE	0	93.51425402960376	1.524260444681613
59	0	11	SECOND_PRICE	0	91.80478811667115	1.6518567167158646
60	0	12	SECOND_PRICE	0	90.99263987198889	1.1532563341492201
61	0	12	SECOND_PRICE	0	90.84993535641445	1.6676012304991619
62	0	12	SECOND_PRICE	0	93.83438441255784	1.1800080007827896
63	0	12	SECOND_PRICE	0	90.04065452325784	1.3602502271066457
64	0	12	SECOND_PRICE	0	93.25713085166554	1.0051473417562544
65	0	13	SECOND_PRICE	0	92.65795903077448	1.106256380116272
66	0	13	SECOND_PRICE	0	91.36139461596575	1.246981209505913
67	0	13	SECOND_PRICE	0	94.41099564844643	1.36782158293997
68	0	13	SECOND_PRICE	0	94.18847897249553	1.4876610424083285
69	0	13	SECOND_PRICE	0	94.44381955722521	1.9769350043221263
70	0	14	SECOND_PRICE	0	94.66401292422819	1.6925267505291401
71	0	14	SECOND_PRICE	0	92.54740802066866	1.8653593807365096
72	0	14	SECOND_PRICE	0	96.44776364421823	1.0325140397040964
73	0	14	SECOND_PRICE	0	91.82172874313555	1.0371394248552335
74	0	14	SECOND_PRICE	0	93.17738107816209	1.9709660012031374
75	0	15	SECOND_PRICE	0	93.2634942754377	1.5014126454772119
76	0	15	SECOND_PRICE	0	89.27876220558561	1.8147600948875935
77	0	15	SECOND_PRICE	0	92.10912715771909	1.7442918810860437
78	0	15	SECOND_PRICE	0	93.58325951930975	1.5649656237071596
79	0	15	SECOND_PRICE	0	90.3200678730174	1.5553771273330128
80	0	16	SECOND_PRICE	0	91.53107633783247	1.1172376024008464
81	0	16	SECOND_PRICE	0	95.46005332935661	1.2796786570365775
82	0	16	SECOND_PRICE	0	91.1020256113415	1.607562615723783
83	0	16	SECOND_PRICE	0	89.12972417848917	1.0829361350611717
84	0	16	SECOND_PRICE	0	92.57013688548837	1.4595549764725417
85	0	17	SECOND_PRICE	0	93.09289892693106	1.4999816641888182
86	0	17	SECOND_PRICE	0	91.14981537497995	1.2116275773015945
87	0	17	SECOND_PRICE	0	90.6322524288576	1.758752871280386
88	0	17	SECOND_PRICE	0	91.66077950147998	1.9358924619578126
89	0	17	SECOND_PRICE	0	89.9303548876949	1.1547301550214983
90	0	18	SECOND_PRICE	0	91.43946891616262	1.1187905169784527
91	0	18	SECOND_PRICE	0	90.78740269915798	1.4218464113440215
92	0	18	SECOND_PRICE	0	91.16618562704078	1.595724305201831
93	0	18	SECOND_PRICE	0	91.40486143740334	1.0644371797685317
94	0	18	SECOND_PRICE	0	91.20497495495714	1.2878634879411996
95	0	19	SECOND_PRICE	0	90.3123424066371	1.5983325739753211
96	0	19	SECOND_PRICE	0	91.73661624126318	1.4041489242681209
97	0	19	SECOND_PRICE	0	89.17979312355396	1.5457471945947956
98	0	19	SECOND_PRICE	0	84.97018141544986	1.8154897555788607
99	0	19	SECOND_PRICE	0	91.88145970940941	1.6533082434277442
100	0	20	SECOND_PRICE	0	91.59728028277684	1.0574278087030098
101	0	20	SECOND_PRICE	0	89.26741425927783	1.792825083568099
102	0	20	SECOND_PRICE	0	91.62473788934928	1.83809025921331
103	0	20	SECOND_PRICE	0	90.2505380996615	1.1044812474620622
104	0	20	SECOND_PRICE	0	90.81610733568802	1.566767873914332
105	0	21	SECOND_PRICE	0	91.17238385208232	1.4540839735212392
106	0	21	SECOND_PRICE	0	92.27448877984604	1.2541537628309734
107	0	21	SECOND_PRICE	0	91.5805782735465	1.764557519929673
108	0	21	SECOND_PRICE	0	90.89588105730081	1.2412822294172203
109	0	21	SECOND_PRICE	0	96.41934263292937	1.361818075378089
110	0	22	SECOND_PRICE	0	90.69801865327665	1.4139118312018242
111	0	22	SECOND_PRICE	0	89.76410837536568	1.228516788634491
112	0	22	SECOND_PRICE	0	91.26531154516304	1.2525796103832147
113	0	22	SECOND_PRICE	0	89.12755551164051	1.7624619901343377
114	0	22	SECOND_PRICE	0	89.11204925050224	1.2900776577640443
115	0	23	SECOND_PRICE	0	91.29762181354234	1.5886917440412025
116	0	23	SECOND_PRICE	0	91.02418924744534	1.3741765313491308
117	0	23	SECOND_PRICE	0	88.68934442915244	1.299577188061564
118	0	23	SECOND_PRICE	0	88.95023841064581	1.073569085100682
119	0	23	SECOND_PRICE	0	92.35371206329475	1.2027397209941788
120	1	0	SECOND_PRICE	0	90.75668298340956	1.9898096609710372
121	1	0	SECOND_PRICE	0	89.0009463083992	1.9746370850174868
122	1	0	SECOND_PRICE	0	90.59279451096135	1.2551671505114808
123	1	0	SECOND_PRICE	0	89.65122865897327	1.4135998840687751
124	1	0	SECOND_PRICE	0	89.53951413768793	1.7903284816147798
125	1	1	SECOND_PRICE	0	89.99489247843954	1.3821550953362562
126	1	1	SECOND_PRICE	0	89.22939143499912	1.3610506540913645
127	1	1	SECOND_PRICE	0	88.46742356002545	1.0468857998583103
128	1	1	SECOND_PRICE	0	92.55170288898782	1.4145443198736856
129	1	1	SECOND_PRICE	0	90.47392361496114	1.2726446586402074
130	1	2	SECOND_PRICE	0	90.30608008607298	1.8440161169479317
131	1	2	SECOND_PRICE	0	87.98243579924198	1.6180181313037583
132	1	2	SECOND_PRICE	0	88.26342758297933	1.6880465459084453
133	1	2	SECOND_PRICE	0	90.39541577747603	1.8638752451744458
134	1	2	SECOND_PRICE	0	90.74329765499348	1.2755435311073153
135	1	3	SECOND_PRICE	0	89.83364248309601	1.0861237926617204
136	1	3	SECOND_PRICE	0	88.43130723847312	1.799003400180556
137	1	3	SECOND_PRICE	0	88.9277042260507	1.6611608036563283
138	1	3	SECOND_PRICE	0	89.13983511169961	1.2110454911594708
139	1	3	SECOND_PRICE	0	91.8872786697438	1.004615252724442
140	1	4	SECOND_PRICE	0	88.89433131913457	1.768678751560933
141	1	4	SECOND_PRICE	0	90.26375512473875	1.1370920222738534
142	1	4	SECOND_PRICE	0	89.5800160700348	1.0940144796786049
143	1	4	SECOND_PRICE	0	88.6172423835563	1.8901491104827226
144	1	4	SECOND_PRICE	0	91.11462048956031	1.7904797744238397
145	1	5	SECOND_PRICE	0	88.75888461773583	1.3718316822690255
146	1	5	SECOND_PRICE	0	90.89456125120823	1.795201442622295
147	1	5	SECOND_PRICE	0	89.33155319961064	1.915939347943235
148	1	5	SECOND_PRICE	0	89.47847521942982	1.4715386050834884
149	1	5	SECOND_PRICE	0	87.1035339343338	1.1405679235052544
150	1	6	SECOND_PRICE	0	86.97839299452677	1.10446705031149
151	1	6	SECOND_PRICE	0	89.24889475494282	1.1770122188589554
152	1	6	SECOND_PRICE	0	88.29123802539313	1.9736923034465328
153	1	6	SECOND_PRICE	0	87.22832849838872	1.7427221597594404
154	1	6	SECOND_PRICE	0	88.49804725861864	1.8197398801451001
155	1	7	SECOND_PRICE	0	90.95410981293523	1.6369593312652932
156	1	7	SECOND_PRICE	0	89.78071638457604	1.4954861378761526
157	1	7	SECOND_PRICE	0	89.16175299311438	1.4600412148011683
158	1	7	SECOND_PRICE	0	87.77738263446804	1.501370017804283
159	1	7	SECOND_PRICE	0	90.26327273058187	1.1447684076296052
160	1	8	SECOND_PRICE	0	89.84948834374009	1.2898602529537437
161	1	8	SECOND_PRICE	0	86.72444898668603	1.2969513775223727
162	1	8	SECOND_PRICE	0	89.81734584290446	1.8924362021163743
163	1	8	SECOND_PRICE	0	89.89654021174255	1.7626395935865622
164	1	8	SECOND_PRICE	0	86.38895578306754	1.8076005009787113
165	1	9	SECOND_PRICE	0	87.68951295690115	1.1420989478914767
166	1	9	SECOND_PRICE	0	87.2401053812678	1.2219639133630886
167	1	9	SECOND_PRICE	0	89.95551708042274	1.8359682796622843
168	1	9	SECOND_PRICE	0	88.79237549784763	1.477720900935483
169	1	9	SECOND_PRICE	0	88.14548832564842	1.3849790617504174
170	1	10	SECOND_PRICE	0	88.31446306797255	1.214473462553061
171	1	10	SECOND_PRICE	0	87.1451735138103	1.5953145402499094
172	1	10	SECOND_PRICE	0	90.97992338403432	1.9690789800977577
173	1	10	SECOND_PRICE	0	88.9404611384913	1.1405892628652832
174	1	10	SECOND_PRICE	0	88.10744238180416	1.7715082300788345
175	1	11	SECOND_PRICE	0	89.36399189821663	1.4307435142224438
176	1	11	SECOND_PRICE	0	88.2080323188237	1.0415854380265448
177	1	11	SECOND_PRICE	0	86.46048858430818	1.2674194402432337
178	1	11	SECOND_PRICE	0	87.08614342175568	1.1662905769312484
179	1	11	SECOND_PRICE	0	89.0301403559845	1.1718476410326488
180	1	12	SECOND_PRICE	0	83.97051431898517	1.9606789748358513
181	1	12	SECOND_PRICE	0	85.76922923433347	1.2286154628696204
182	1	12	SECOND_PRICE	0	83.89608670627081	1.219763478057715
183	1	12	SECOND_PRICE	0	87.44799592404254	1.171020908340515
184	1	12	SECOND_PRICE	0	86.48055123474796	1.4892087025359515
185	1	13	SECOND_PRICE	0	88.2763637460428	1.4997014450090191
186	1	13	SECOND_PRICE	0	87.85144628703107	1.0181142556522889
187	1	13	SECOND_PRICE	0	87.20029687319315	1.5096802049915632
188	1	13	SECOND_PRICE	0	86.92579381175544	1.6245390214813087
189	1	13	SECOND_PRICE	0	87.25862723283615	1.4292464950211734
190	1	14	SECOND_PRICE	0	87.80196058166682	1.7652709313950958
191	1	14	SECOND_PRICE	0	88.11788189776478	1.2596640180172431
192	1	14	SECOND_PRICE	0	87.50522936776204	1.5011361460679802
193	1	14	SECOND_PRICE	0	88.04553306271144	1.6080144522929554
194	1	14	SECOND_PRICE	0	88.08227615676722	1.0722786442937895
195	1	15	SECOND_PRICE	0	89.08988630003908	1.0311986012808347
196	1	15	SECOND_PRICE	0	86.60367542604197	1.7597196512298998
197	1	15	SECOND_PRICE	0	85.92945124656052	1.7829796350876228
198	1	15	SECOND_PRICE	0	87.08449312531637	1.8929116749458206
199	1	15	SECOND_PRICE	0	86.69177423715323	1.5542061396707871
200	1	16	SECOND_PRICE	0	85.9303436104175	1.8539516769040905
201	1	16	SECOND_PRICE	0	85.36647397771368	1.4131851434811389
202	1	16	SECOND_PRICE	0	87.4816383893583	1.3434111763077667
203	1	16	SECOND_PRICE	0	81.89485219945892	1.7740018544984326
204	1	16	SECOND_PRICE	0	84.58162889497474	1.2699270037054893
205	1	17	SECOND_PRICE	0	84.86786875648716	1.000819249014456
206	1	17	SECOND_PRICE	0	87.68165578031629	1.0407997987310287
207	1	17	SECOND_PRICE	0	83.79068181329497	1.1499195086104925
208	1	17	SECOND_PRICE	0	87.13004078457998	1.9756339530607114
209	1	17	SECOND_PRICE	0	82.74658666495144	1.2476943716239886
210	1	18	SECOND_PRICE	0	87.26691616014192	1.130171008091374
211	1	18	SECOND_PRICE	0	83.63541515427113	1.936984364742337
212	1	18	SECOND_PRICE	0	87.6526200301724	1.71545941922101
213	1	18	SECOND_PRICE	0	84.87176203549377	1.9972580327471663
214	1	18	SECOND_PRICE	0	84.21058776500597	1.7830309521607166
215	1	19	SECOND_PRICE	0	85.0432722047635	1.1109251269373837
216	1	19	SECOND_PRICE	0	86.11975934081121	1.1335376360122027
217	1	19	SECOND_PRICE	0	89.34908406158567	1.444479524670132
218	1	19	SECOND_PRICE	0	80.71773366260608	1.2510278681284959
219	1	19	SECOND_PRICE	0	85.65563595128773	1.2220285361647152
220	1	20	SECOND_PRICE	0	83.48951539375354	1.3534405908343516
221	1	20	SECOND_PRICE	0	84.05493634130747	1.725898479525993
222	1	20	SECOND_PRICE	0	84.8098436639671	1.5356437483706937
223	1	20	SECOND_PRICE	0	87.17939650616523	1.9815480586806422
224	1	20	SECOND_PRICE	0	83.59521725801307	1.1358992458561894
225	1	21	SECOND_PRICE	0	85.44086766953244	1.7572065416099534
226	1	21	SECOND_PRICE	0	86.90422716253966	1.1876630510404484
227	1	21	SECOND_PRICE	0	85.74518656097601	1.0553221069847383
228	1	21	SECOND_PRICE	0	85.8499189717341	1.3328532312751769
229	1	21	SECOND_PRICE	0	83.92497051692352	1.8937662690533672
230	1	22	SECOND_PRICE	0	84.50401702514367	1.1155229971563325
231	1	22	SECOND_PRICE	0	82.52501145235023	1.7502348364806835
232	1	22	SECOND_PRICE	0	82.86970273015724	1.6188626189974644
233	1	22	SECOND_PRICE	0	85.7819872894512	1.0810748417969824
234	1	22	SECOND_PRICE	0	83.52143459985682	1.8261652154071506
235	1	23	SECOND_PRICE	0	86.89313051618001	1.0115886373369012
236	1	23	SECOND_PRICE	0	86.23533237369402	1.4341345089865687
237	1	23	SECOND_PRICE	0	85.84515404323638	1.734906676623908
238	1	23	SECOND_PRICE	0	86.57530880189252	1.76007798978521
239	1	23	SECOND_PRICE	0	85.60687271586302	1.26626221596967
240	2	0	SECOND_PRICE	0	81.87225660977685	1.4270214867863635
241	2	0	SECOND_PRICE	0	84.7215135547517	1.558144561215248
242	2	0	SECOND_PRICE	0	84.5308202765407	1.0311151255230255
243	2	0	SECOND_PRICE	0	84.58236104318722	1.6731183796631204
244	2	0	SECOND_PRICE	0	88.34146250586393	1.2841794772667332
245	2	1	SECOND_PRICE	0	83.14915337898245	1.8346189409073537
246	2	1	SECOND_PRICE	0	83.80528763256861	1.0517152144647421
247	2	1	SECOND_PRICE	0	87.64424142883311	1.9065930233313466
248	2	1	SECOND_PRICE	0	83.50081432943821	1.4116847806294732
249	2	1	SECOND_PRICE	0	83.0357060463838	1.568569086259457
250	2	2	SECOND_PRICE	0	83.74101471634945	1.9634238175772718
251	2	2	SECOND_PRICE	0	83.45860924147145	1.6435308490037248
252	2	2	SECOND_PRICE	0	84.30460384216387	1.2185518747770288
253	2	2	SECOND_PRICE	0	83.81411580950355	1.6619420241525966
254	2	2	SECOND_PRICE	0	85.50626191490619	1.6997219488929882
255	2	3	SECOND_PRICE	0	83.82919823670537	1.514128589228853
256	2	3	SECOND_PRICE	0	85.32593770997484	1.8752904128084085
257	2	3	SECOND_PRICE	0	82.49869092376548	1.072598307975928
258	2	3	SECOND_PRICE	0	83.84057112284803	1.4054797548304951
259	2	3	SECOND_PRICE	0	80.55804048605489	1.5107679815144555
260	2	4	SECOND_PRICE	0	82.81071005080231	1.1195754485433091
261	2	4	SECOND_PRICE	0	80.21651316460554	1.7698607131187032
262	2	4	SECOND_PRICE	0	83.81085085648726	1.9274330194358829
263	2	4	SECOND_PRICE	0	82.70004705701841	1.6035720523264265
264	2	4	SECOND_PRICE	0	86.00565982705787	1.6225362510447867
265	2	5	SECOND_PRICE	0	79.26768636599749	1.159710878646145
266	2	5	SECOND_PRICE	0	81.34239016481641	1.6345362713711875
267	2	5	SECOND_PRICE	0	82.44095565198002	1.989989750383382
268	2	5	SECOND_PRICE	0	83.693601693005	1.5012555407853254
269	2	5	SECOND_PRICE	0	81.08920542403915	1.6607163456285194
270	2	6	SECOND_PRICE	0	81.55467451344121	1.0331596773642135
271	2	6	SECOND_PRICE	0	81.79005941399816	1.0320876746215557
272	2	6	SECOND_PRICE	0	85.34751243694272	1.0413905319131196
273	2	6	SECOND_PRICE	0	82.08564227437707	1.026080064809181
274	2	6	SECOND_PRICE	0	85.11746275115031	1.7746771294250054
275	2	7	SECOND_PRICE	0	82.60306328141432	1.2608069184319803
276	2	7	SECOND_PRICE	0	83.17254954244424	1.0498587298666266
277	2	7	SECOND_PRICE	0	83.54533772762878	1.1381465908695003
278	2	7	SECOND_PRICE	0	79.52951286626747	1.4648196370393243
279	2	7	SECOND_PRICE	0	82.25123514184077	1.89990274370237
280	2	8	SECOND_PRICE	0	83.80302015036196	1.176034494313056
281	2	8	SECOND_PRICE	0	82.98189373232968	1.0457187418384555
282	2	8	SECOND_PRICE	0	81.95117936964404	1.7861699242945028
283	2	8	SECOND_PRICE	0	83.21538868825307	1.43484645547569
284	2	8	SECOND_PRICE	0	80.98509916888989	1.956676981088918
285	2	9	SECOND_PRICE	0	80.82545891522206	1.2761781004033117
286	2	9	SECOND_PRICE	0	83.53905140751878	1.7707275423189082
287	2	9	SECOND_PRICE	0	84.61082613505567	1.7592681066522686
288	2	9	SECOND_PRICE	0	83.26519139493621	1.2113752002367222
289	2	9	SECOND_PRICE	0	83.9335127653397	1.58750032806685
290	2	10	SECOND_PRICE	0	83.36389741882674	1.845131360821321
291	2	10	SECOND_PRICE	0	82.02767739298245	1.5052908051644684
292	2	10	SECOND_PRICE	0	83.2080920959172	1.4669635601967523
293	2	10	SECOND_PRICE	0	84.86717469006386	1.9759926024738628
294	2	10	SECOND_PRICE	0	82.58570542013267	1.4584930536529888
295	2	11	SECOND_PRICE	0	82.81187319631992	1.5202604400714441
296	2	11	SECOND_PRICE	0	82.23057713718035	1.6809489332826884
297	2	11	SECOND_PRICE	0	83.05189856218809	1.7983933902967344
298	2	11	SECOND_PRICE	0	81.1130679753432	1.1105438406066408
299	2	11	SECOND_PRICE	0	80.9038883097091	1.589502541519367
300	2	12	SECOND_PRICE	0	84.31858110218656	1.8404742598179888
301	2	12	SECOND_PRICE	0	81.56576547397614	1.5412555007924515
302	2	12	SECOND_PRICE	0	81.76059305595867	1.90929038085015
303	2	12	SECOND_PRICE	0	82.8432069676932	1.9045263903411793
304	2	12	SECOND_PRICE	0	81.35938878549874	1.8444152297472023
305	2	13	SECOND_PRICE	0	82.45236371039401	1.1068753800995084
306	2	13	SECOND_PRICE	0	82.19119980501526	1.2273532570566892
307	2	13	SECOND_PRICE	0	80.69585264481661	1.7193170929586654
308	2	13	SECOND_PRICE	0	82.98907987709065	1.1570540235810114
309	2	13	SECOND_PRICE	0	77.32679511268488	1.815787443016096
310	2	14	SECOND_PRICE	0	82.38544920623747	1.3647072769389919
311	2	14	SECOND_PRICE	0	83.65936262984837	1.3899930969049823
312	2	14	SECOND_PRICE	0	82.31257312400274	1.5620792333130982
313	2	14	SECOND_PRICE	0	79.69098986227822	1.8364673451351674
314	2	14	SECOND_PRICE	0	80.38549677343993	1.0571722027264738
315	2	15	SECOND_PRICE	0	81.92103556149425	1.1728858826345645
316	2	15	SECOND_PRICE	0	83.92120549778117	1.3339003389484918
317	2	15	SECOND_PRICE	0	80.1083786227672	1.4114129753646207
318	2	15	SECOND_PRICE	0	80.28480879796922	1.028505143160898
319	2	15	SECOND_PRICE	0	81.69015854498414	1.6889469202876415
320	2	16	SECOND_PRICE	0	82.1078943227244	1.6421850355531478
321	2	16	SECOND_PRICE	0	81.21798552005275	1.794934235349521
322	2	16	SECOND_PRICE	0	82.73564768331084	1.4680817071193626
323	2	16	SECOND_PRICE	0	81.92098365048126	1.0498903881043131
324	2	16	SECOND_PRICE	0	82.06550760403526	1.3810049242459947
325	2	17	SECOND_PRICE	0	80.39645732529694	1.1319676323066807
326	2	17	SECOND_PRICE	0	79.11856839502605	1.3201208723733138
327	2	17	SECOND_PRICE	0	79.84324322057523	1.8948852515656638
328	2	17	SECOND_PRICE	0	81.70962712301501	1.2662043360667237
329	2	17	SECOND_PRICE	0	79.18022165323984	1.0615866507395242
330	2	18	SECOND_PRICE	0	83.12397026955729	1.6012772170629201
331	2	18	SECOND_PRICE	0	81.6022188733862	1.7188643524276535
332	2	18	SECOND_PRICE	0	79.07631404519208	1.8515562189237842
333	2	18	SECOND_PRICE	0	77.16693900399765	1.755441519745856
334	2	18	SECOND_PRICE	0	79.50830508944992	1.5483575552681352
335	2	19	SECOND_PRICE	0	82.62870519761645	1.2008515911408901
336	2	19	SECOND_PRICE	0	79.70295264403283	1.8501717286080956
337	2	19	SECOND_PRICE	0	77.03961484084347	1.9969861461978053
338	2	19	SECOND_PRICE	0	81.40290859645742	1.0249113762711302
339	2	19	SECOND_PRICE	0	81.91005172753893	1.6262178761313564
340	2	20	SECOND_PRICE	0	83.04430428257736	1.6152080195813023
341	2	20	SECOND_PRICE	0	76.74156550203612	1.6905212323014256
342	2	20	SECOND_PRICE	0	79.38264636612836	1.8009003325327624
343	2	20	SECOND_PRICE	0	79.45516945364605	1.3993859885961122
344	2	20	SECOND_PRICE	0	79.94813296561095	1.3852806179806119
345	2	21	SECOND_PRICE	0	81.99006682607303	1.4776328887984844
346	2	21	SECOND_PRICE	0	84.66062181119439	1.3873061176432926
347	2	21	SECOND_PRICE	0	79.17925363014136	1.8554962420522605
348	2	21	SECOND_PRICE	0	81.76653979567868	1.8932392026233784
349	2	21	SECOND_PRICE	0	82.33371322316759	1.596785348112284
350	2	22	SECOND_PRICE	0	78.37868502403474	1.7841439338725698
351	2	22	SECOND_PRICE	0	78.20667949149043	1.423351635573106
352	2	22	SECOND_PRICE	0	80.4409663957553	1.950819693200836
353	2	22	SECOND_PRICE	0	78.70516913809291	1.3737529162071933
354	2	22	SECOND_PRICE	0	78.42863784677496	1.1708890192171273
355	2	23	SECOND_PRICE	0	80.73172353442057	1.555551947991483
356	2	23	SECOND_PRICE	0	80.87332515926676	1.5178198359346524
357	2	23	SECOND_PRICE	0	79.31414603575445	1.428291203285927
358	2	23	SECOND_PRICE	0	79.77701430507486	1.3066684879936097
359	2	23	SECOND_PRICE	0	80.36650253192235	1.6979164778407152
360	3	0	SECOND_PRICE	0	82.44136671715972	1.064501436139548
361	3	0	SECOND_PRICE	0	79.22525839739288	1.304920794629116
362	3	0	SECOND_PRICE	0	80.30609041895102	1.1820150351697238
363	3	0	SECOND_PRICE	0	81.06921054393923	1.8535071429402925
364	3	0	SECOND_PRICE	0	80.21417784051472	1.1836051039643207
365	3	1	SECOND_PRICE	0	81.45278465562977	1.759820305581813
366	3	1	SECOND_PRICE	0	79.33575513730887	1.2586928775434694
367	3	1	SECOND_PRICE	0	75.9027571322401	1.4635834223671607
368	3	1	SECOND_PRICE	0	80.37184113115305	1.3659723806821065
369	3	1	SECOND_PRICE	0	79.37599364139565	1.5816824235992801
370	3	2	SECOND_PRICE	0	80.23101961217839	1.3487421643993378
371	3	2	SECOND_PRICE	0	78.07115039553754	1.4944008287906039
372	3	2	SECOND_PRICE	0	79.36906966007938	1.2086552883466228
373	3	2	SECOND_PRICE	0	78.26338956192585	1.0390314600706554
374	3	2	SECOND_PRICE	0	75.68472600182459	1.5905130591171703
375	3	3	SECOND_PRICE	0	79.73764174356474	1.4995322555411092
376	3	3	SECOND_PRICE	0	78.55921958740832	1.5740163918602175
377	3	3	SECOND_PRICE	0	76.82092950676838	1.5067751961734386
378	3	3	SECOND_PRICE	0	78.57026188853806	1.5323871893315695
379	3	3	SECOND_PRICE	0	76.90522611098737	1.4786478007864574
380	3	4	SECOND_PRICE	0	80.5591689150413	1.7319904346059407
381	3	4	SECOND_PRICE	0	79.71437973182884	1.9614293188445615
382	3	4	SECOND_PRICE	0	76.12782990427398	1.5052813343690254
383	3	4	SECOND_PRICE	0	76.48299897978103	1.5179100713133802
384	3	4	SECOND_PRICE	0	80.72287599054175	1.2967050662955315
385	3	5	SECOND_PRICE	0	79.98955557141001	1.4818742964448472
386	3	5	SECOND_PRICE	0	76.91505339774938	1.7020620170218805
387	3	5	SECOND_PRICE	0	79.07893457834149	1.784721442433099
388	3	5	SECOND_PRICE	0	76.38498374304635	1.3406029813905742
389	3	5	SECOND_PRICE	0	80.77404452544216	1.65945130945211
390	3	6	SECOND_PRICE	0	77.75247694610601	1.2525421777507133
391	3	6	SECOND_PRICE	0	75.13518577243167	1.3741650820877893
392	3	6	SECOND_PRICE	0	79.08635644860533	1.5664125599217193
393	3	6	SECOND_PRICE	0	77.90673389460727	1.7510227494838568
394	3	6	SECOND_PRICE	0	76.64960273247102	1.4527374351566191
395	3	7	SECOND_PRICE	0	78.05363886904692	1.0735031971436433
396	3	7	SECOND_PRICE	0	81.18940643857692	1.575649327588824
397	3	7	SECOND_PRICE	0	76.9477945927383	1.148862206550278
398	3	7	SECOND_PRICE	0	78.12643465307643	1.2650305342613553
399	3	7	SECOND_PRICE	0	76.59671300078028	1.842182835825609
400	3	8	SECOND_PRICE	0	75.87575444727692	1.7502942425707546
401	3	8	SECOND_PRICE	0	77.25028940497164	1.426697264346725
402	3	8	SECOND_PRICE	0	78.26210766318086	1.9773202458513168
403	3	8	SECOND_PRICE	0	77.20427570385901	1.953896613131095
404	3	8	SECOND_PRICE	0	77.67323897744043	1.206677280017411
405	3	9	SECOND_PRICE	0	75.61233585881399	1.0625775939970707
406	3	9	SECOND_PRICE	0	80.30548538962032	1.1500245967094391
407	3	9	SECOND_PRICE	0	74.97848459193023	1.367099659558993
408	3	9	SECOND_PRICE	0	75.13264240097348	1.4313405380004172
409	3	9	SECOND_PRICE	0	76.94071426162465	1.9136519562579157
410	3	10	SECOND_PRICE	0	78.45827688717888	1.63586095785809
411	3	10	SECOND_PRICE	0	77.96943040784005	1.9745557806956118
412	3	10	SECOND_PRICE	0	77.77580510649261	1.205660495606521
413	3	10	SECOND_PRICE	0	74.33896641064396	1.4635183862204433
414	3	10	SECOND_PRICE	0	75.7468017313432	1.0347583447353421
415	3	11	SECOND_PRICE	0	77.06676559670636	1.7612202964708374
416	3	11	SECOND_PRICE	0	75.57627132858728	1.941440377784926
417	3	11	SECOND_PRICE	0	75.89597498537955	1.0482830896252557
418	3	11	SECOND_PRICE	0	76.58801140639676	1.6990919413467462
419	3	11	SECOND_PRICE	0	75.36151367979522	1.7158639089433474
420	3	12	SECOND_PRICE	0	75.19169079231646	1.4270707961226567
421	3	12	SECOND_PRICE	0	73.90243931868957	1.3226634838078368
422	3	12	SECOND_PRICE	0	76.03950932202683	1.826401164246938
423	3	12	SECOND_PRICE	0	77.89621331281762	1.2639937389091132
424	3	12	SECOND_PRICE	0	73.8836759018944	1.4028618143400449
425	3	13	SECOND_PRICE	0	75.19718012304786	1.3577464976548739
426	3	13	SECOND_PRICE	0	78.40609340624948	1.0338716112110806
427	3	13	SECOND_PRICE	0	77.00918189518175	1.7891094387633326
428	3	13	SECOND_PRICE	0	75.87797558483979	1.0201067630645988
429	3	13	SECOND_PRICE	0	73.48278083950964	1.011299195012255
430	3	14	SECOND_PRICE	0	75.09005219251371	1.918512505216532
431	3	14	SECOND_PRICE	0	77.49978879716537	1.5744717285676317
432	3	14	SECOND_PRICE	0	74.19031568264303	1.5397023018919183
433	3	14	SECOND_PRICE	0	76.74495756032172	1.9263166363879751
434	3	14	SECOND_PRICE	0	75.75718682964005	1.3238956852120651
435	3	15	SECOND_PRICE	0	77.66701297987925	1.837813131230304
436	3	15	SECOND_PRICE	0	74.93153761436564	1.0152229225974643
437	3	15	SECOND_PRICE	0	76.89817248338464	1.2610429968034675
438	3	15	SECOND_PRICE	0	76.04378746296452	1.5883562067514414
439	3	15	SECOND_PRICE	0	76.91124366351724	1.8525184391047604
440	3	16	SECOND_PRICE	0	77.92514668983527	1.8057226877278478
441	3	16	SECOND_PRICE	0	78.20867521203022	1.3776595150587512
442	3	16	SECOND_PRICE	0	75.29173083747385	1.5246665856422132
443	3	16	SECOND_PRICE	0	74.28167103667366	1.3528510318710922
444	3	16	SECOND_PRICE	0	78.44678297357942	1.7401902219814662
445	3	17	SECOND_PRICE	0	77.7006021772661	1.9386937068654078
446	3	17	SECOND_PRICE	0	78.47918718908483	1.6108440560945774
447	3	17	SECOND_PRICE	0	73.82941974908613	1.467796616533611
448	3	17	SECOND_PRICE	0	74.68720741231454	1.1565971640404222
449	3	17	SECOND_PRICE	0	77.76639590640725	1.3131129224631573
450	3	18	SECOND_PRICE	0	74.57341557918893	1.3392305564544866
451	3	18	SECOND_PRICE	0	74.38638823260457	1.9569714701888976
452	3	18	SECOND_PRICE	0	76.76931231797033	1.0905831007373574
453	3	18	SECOND_PRICE	0	74.72567028678071	1.6909452293730576
454	3	18	SECOND_PRICE	0	76.38357125791438	1.7966805256399123
455	3	19	SECOND_PRICE	0	76.71208170632634	1.7381346692870894
456	3	19	SECOND_PRICE	0	74.0783739099129	1.553389742468912
457	3	19	SECOND_PRICE	0	75.09981638977864	1.395810007709221
458	3	19	SECOND_PRICE	0	73.3722330509022	1.805152823810025
459	3	19	SECOND_PRICE	0	73.88003346823153	1.7512645373969367
460	3	20	SECOND_PRICE	0	74.74261085450074	1.958876476631207
461	3	20	SECOND_PRICE	0	70.6500133314568	1.4801594100663982
462	3	20	SECOND_PRICE	0	73.00399736091914	1.6359974034382034
463	3	20	SECOND_PRICE	0	73.35361552833365	1.4258384013559522
464	3	20	SECOND_PRICE	0	74.32185275386263	1.042229456400472
465	3	21	SECOND_PRICE	0	73.80279490621163	1.109556706218273
466	3	21	SECOND_PRICE	0	72.36192724550409	1.412535508924221
467	3	21	SECOND_PRICE	0	73.61536112108082	1.692814532770103
468	3	21	SECOND_PRICE	0	68.24005588126525	1.9042234664266797
469	3	21	SECOND_PRICE	0	74.59390361149254	1.2145563722623944
470	3	22	SECOND_PRICE	0	75.66543253556057	1.4381617926086347
471	3	22	SECOND_PRICE	0	72.86691070019553	1.464819197295482
472	3	22	SECOND_PRICE	0	74.14122083749717	1.3920811481783453
473	3	22	SECOND_PRICE	0	75.66024935570879	1.2866981231182912
474	3	22	SECOND_PRICE	0	73.1668713342226	1.5964382853911974
475	3	23	SECOND_PRICE	0	74.38841343202922	1.645470776924134
476	3	23	SECOND_PRICE	0	72.18213048090115	1.400709026939968
477	3	23	SECOND_PRICE	0	74.0367159216136	1.3453628272146831
478	3	23	SECOND_PRICE	0	71.33067961601098	1.3935984437756406
479	3	23	SECOND_PRICE	0	73.56924668018645	1.7860544326612757
480	4	0	SECOND_PRICE	0	73.84968827725298	1.454518906171001
481	4	0	SECOND_PRICE	0	75.48212354341304	1.4081619727063979
482	4	0	SECOND_PRICE	0	72.0092581073304	1.4921987684392337
483	4	0	SECOND_PRICE	0	74.3906432155433	1.515559671386021
484	4	0	SECOND_PRICE	0	73.48638129290828	1.2294984822793968
485	4	1	SECOND_PRICE	0	75.24285706992578	1.7232795398828342
486	4	1	SECOND_PRICE	0	73.19129655626571	1.228063765624464
487	4	1	SECOND_PRICE	0	71.58920925474644	1.66680008419404
488	4	1	SECOND_PRICE	0	73.54011547943999	1.269317739682204
489	4	1	SECOND_PRICE	0	71.02460499089472	1.6423850417823607
490	4	2	SECOND_PRICE	0	74.43043344970825	1.8707482978938712
491	4	2	SECOND_PRICE	0	71.16303355185802	1.66585779881308
492	4	2	SECOND_PRICE	0	72.10530711083969	1.1816616537921987
493	4	2	SECOND_PRICE	0	71.44545829527037	1.8530923016079708
494	4	2	SECOND_PRICE	0	73.98046338990225	1.4170450624961666
495	4	3	SECOND_PRICE	0	73.6479102097539	1.9469382447624857
496	4	3	SECOND_PRICE	0	71.74115055681345	1.900132336385135
497	4	3	SECOND_PRICE	0	73.29634448364132	1.13680388775688
498	4	3	SECOND_PRICE	0	73.66186012846494	1.6124851781986456
499	4	3	SECOND_PRICE	0	72.05756672566281	1.098093023227881
500	4	4	SECOND_PRICE	0	71.76295927959103	1.845740310077331
501	4	4	SECOND_PRICE	0	72.02021405860496	1.480814666937023
502	4	4	SECOND_PRICE	0	70.98872181592067	1.1853598862667183
503	4	4	SECOND_PRICE	0	73.63345777155979	1.8968276666651112
504	4	4	SECOND_PRICE	0	70.33103866812793	1.1721304494178262
505	4	5	SECOND_PRICE	0	71.47322832221215	1.1823039396056405
506	4	5	SECOND_PRICE	0	68.94913596993764	1.923030370330214
507	4	5	SECOND_PRICE	0	71.89611745822405	1.0783915114779794
508	4	5	SECOND_PRICE	0	72.03896585156198	1.0215428114456409
509	4	5	SECOND_PRICE	0	72.04062074807241	1.8502911690268804
510	4	6	SECOND_PRICE	0	71.70794033874236	1.0599945024495945
511	4	6	SECOND_PRICE	0	68.524191021017	1.733223946872739
512	4	6	SECOND_PRICE	0	72.01410555343512	1.7917633358773364
513	4	6	SECOND_PRICE	0	71.13849057704766	1.7957441378451273
514	4	6	SECOND_PRICE	0	70.60370937303446	1.1267954249028405
515	4	7	SECOND_PRICE	0	70.96558655726209	1.3322892326680613
516	4	7	SECOND_PRICE	0	71.72487601646105	1.9491326851324016
517	4	7	SECOND_PRICE	0	73.00807265549997	1.7707055358706194
518	4	7	SECOND_PRICE	0	71.94047482064286	1.8952839087555016
519	4	7	SECOND_PRICE	0	71.90883783401672	1.329251453655634
520	4	8	SECOND_PRICE	0	70.95308975597	1.348346074744149
521	4	8	SECOND_PRICE	0	68.83295304380003	1.6279859832995554
522	4	8	SECOND_PRICE	0	71.4959370068996	1.6814087840795127
523	4	8	SECOND_PRICE	0	69.84236605640595	1.1753793490830766
524	4	8	SECOND_PRICE	0	70.46532909239224	1.2409314317553994
525	4	9	SECOND_PRICE	0	71.29847960217893	1.1643976805982077
526	4	9	SECOND_PRICE	0	70.70858608338379	1.2858613537984431
527	4	9	SECOND_PRICE	0	70.61051089104986	1.546287715799699
528	4	9	SECOND_PRICE	0	70.62004243956258	1.7925207417171254
529	4	9	SECOND_PRICE	0	70.44466310140386	1.2633550201156087
530	4	10	SECOND_PRICE	0	71.9753839137148	1.76837418776834
531	4	10	SECOND_PRICE	0	70.5914114301044	1.3108837605092847
532	4	10	SECOND_PRICE	0	70.40635151569957	1.2585750347356561
533	4	10	SECOND_PRICE	0	68.9779730220041	1.9331427110821144
534	4	10	SECOND_PRICE	0	72.77421321868815	1.1581952693250028
535	4	11	SECOND_PRICE	0	70.6452073578255	1.0579843076572555
536	4	11	SECOND_PRICE	0	71.5349506603189	1.788888463104466
537	4	11	SECOND_PRICE	0	69.52317718593339	1.230578271625078
538	4	11	SECOND_PRICE	0	70.69957331138357	1.6475652061022767
539	4	11	SECOND_PRICE	0	71.3675403456883	1.2768389038602117
540	4	12	SECOND_PRICE	0	70.2964492890289	1.221973045727078
541	4	12	SECOND_PRICE	0	71.62592507465965	1.5793114803108805
542	4	12	SECOND_PRICE	0	69.54944436768592	1.652776436526044
543	4	12	SECOND_PRICE	0	70.08655125308987	1.6523919227020611
544	4	12	SECOND_PRICE	0	69.18654478550536	1.285105563808718
545	4	13	SECOND_PRICE	0	70.83656497098289	1.1699371679439896
546	4	13	SECOND_PRICE	0	65.7858840590095	1.5193161206747074
547	4	13	SECOND_PRICE	0	69.28518623869229	1.1166075079768438
548	4	13	SECOND_PRICE	0	71.16213693652963	1.5022751293317698
549	4	13	SECOND_PRICE	0	70.42296532597483	1.7429980165586043
550	4	14	SECOND_PRICE	0	68.14207141473926	1.6652046163761827
551	4	14	SECOND_PRICE	0	68.13467727511326	1.0203229935303717
552	4	14	SECOND_PRICE	0	71.3080469568443	1.4448940079362345
553	4	14	SECOND_PRICE	0	70.54321126441445	1.0018890961898248
554	4	14	SECOND_PRICE	0	67.22131092951281	1.7475152321207488
555	4	15	SECOND_PRICE	0	70.25607288484152	1.8594880424614681
556	4	15	SECOND_PRICE	0	67.85955226123741	1.2131946025526872
557	4	15	SECOND_PRICE	0	67.30880170532696	1.7915586286292764
558	4	15	SECOND_PRICE	0	70.80648731592287	1.8550824593179374
559	4	15	SECOND_PRICE	0	69.54122504179001	1.2560656048453305
560	4	16	SECOND_PRICE	0	68.9980927995063	1.4294463934840522
561	4	16	SECOND_PRICE	0	68.90934184202789	1.498522409275481
562	4	16	SECOND_PRICE	0	69.29995368206265	1.6499410944659911
563	4	16	SECOND_PRICE	0	68.79586517491381	1.339348365575598
564	4	16	SECOND_PRICE	0	68.71631357171765	1.4892813825531768
565	4	17	SECOND_PRICE	0	67.42820654953675	1.4155189585495958
566	4	17	SECOND_PRICE	0	70.52157653543784	1.83139937520675
567	4	17	SECOND_PRICE	0	68.15059093129238	1.6202250903942153
568	4	17	SECOND_PRICE	0	70.1137688798427	1.810079547371832
569	4	17	SECOND_PRICE	0	65.20957381094395	1.948444688584809
570	4	18	SECOND_PRICE	0	70.08764723273612	1.0945778489632212
571	4	18	SECOND_PRICE	0	69.43744766112872	1.2942062843488111
572	4	18	SECOND_PRICE	0	67.34733317656172	1.45319844173221
573	4	18	SECOND_PRICE	0	69.74174358690263	1.1819810763793646
574	4	18	SECOND_PRICE	0	68.74536607921718	1.2728564052605034
575	4	19	SECOND_PRICE	0	66.4202419294374	1.197539782776187
576	4	19	SECOND_PRICE	0	68.20632348308784	1.5480571613578267
577	4	19	SECOND_PRICE	0	66.42392951173423	1.986286037010672
578	4	19	SECOND_PRICE	0	69.6826127978021	1.8108879201356443
579	4	19	SECOND_PRICE	0	70.04018057968176	1.9718535082258908
580	4	20	SECOND_PRICE	0	67.00310353861609	1.9852801954942754
581	4	20	SECOND_PRICE	0	67.7532971264416	1.194748557254822
582	4	20	SECOND_PRICE	0	69.32868204113498	1.9200384492985525
583	4	20	SECOND_PRICE	0	69.93270220016811	1.8537704057614934
584	4	20	SECOND_PRICE	0	67.59651165017543	1.9139799425532307
585	4	21	SECOND_PRICE	0	69.5744018346258	1.4282620990113888
586	4	21	SECOND_PRICE	0	64.68878234795748	1.5996117396180014
587	4	21	SECOND_PRICE	0	69.1985473605827	1.687710055881271
588	4	21	SECOND_PRICE	0	69.50621370738584	1.7725754816078862
589	4	21	SECOND_PRICE	0	68.05668922665882	1.7900593321337412
590	4	22	SECOND_PRICE	0	66.25564512628642	1.9354630722042483
591	4	22	SECOND_PRICE	0	69.67455717966416	1.6151371788091569
592	4	22	SECOND_PRICE	0	66.43433953195714	1.7218252124167124
593	4	22	SECOND_PRICE	0	67.82714233433416	1.4722726434645823
594	4	22	SECOND_PRICE	0	67.9486418352384	1.7389459112467724
595	4	23	SECOND_PRICE	0	67.46306672728451	1.960540138929369
596	4	23	SECOND_PRICE	0	68.25042094585815	1.636427021406542
597	4	23	SECOND_PRICE	0	66.6641985622508	1.1589571386546256
598	4	23	SECOND_PRICE	0	67.75552202964006	1.6075946590765482
599	4	23	SECOND_PRICE	0	65.38187007453016	1.1408765637220042
600	5	0	SECOND_PRICE	0	68.49479213076674	1.2087524670598353
601	5	0	SECOND_PRICE	0	66.56473683129694	1.895652641372986
602	5	0	SECOND_PRICE	0	68.43929697595128	1.7899765754081902
603	5	0	SECOND_PRICE	0	69.2772223428134	1.8081878919650287
604	5	0	SECOND_PRICE	0	67.39726907974003	1.8575094874418185
605	5	1	SECOND_PRICE	0	66.94382539490012	1.714680527444075
606	5	1	SECOND_PRICE	0	64.7710466396272	1.9205460075962135
607	5	1	SECOND_PRICE	0	66.32357593394335	1.9423689802204098
608	5	1	SECOND_PRICE	0	66.61343603482057	1.8590504088908697
609	5	1	SECOND_PRICE	0	66.2324210785889	1.0008527271435876
610	5	2	SECOND_PRICE	0	67.98511849271819	1.1340689278259033
611	5	2	SECOND_PRICE	0	68.10660135930357	1.4212699855099837
612	5	2	SECOND_PRICE	0	66.75547333440399	1.3040142411790325
613	5	2	SECOND_PRICE	0	67.50503110459982	1.75694132783152
614	5	2	SECOND_PRICE	0	66.07660934049213	1.5743640245088257
615	5	3	SECOND_PRICE	0	67.1454559303455	1.3462118180609184
616	5	3	SECOND_PRICE	0	68.7796011734078	1.8814356400932688
617	5	3	SECOND_PRICE	0	65.55989054257925	1.7024453402961672
618	5	3	SECOND_PRICE	0	66.3905451222701	1.8680179002968649
619	5	3	SECOND_PRICE	0	63.57927101855221	1.4052011418586388
620	5	4	SECOND_PRICE	0	67.6078843994181	1.1033587215485123
621	5	4	SECOND_PRICE	0	66.42646171052183	1.00672385049288
622	5	4	SECOND_PRICE	0	65.45497025254365	1.7608119839133995
623	5	4	SECOND_PRICE	0	63.13395826585418	1.4462197377506119
624	5	4	SECOND_PRICE	0	66.64172295058675	1.2565639294257474
625	5	5	SECOND_PRICE	0	64.66340129393654	1.0290484641359186
626	5	5	SECOND_PRICE	0	65.22684539862067	1.4979834843362352
627	5	5	SECOND_PRICE	0	63.03820245007743	1.252296776811793
628	5	5	SECOND_PRICE	0	65.18374723116598	1.2836603513415845
629	5	5	SECOND_PRICE	0	65.37541175662928	1.469834394813819
630	5	6	SECOND_PRICE	0	64.98519224028732	1.0143874902380552
631	5	6	SECOND_PRICE	0	65.01189473857673	1.2509064066708249
632	5	6	SECOND_PRICE	0	67.34630215506445	1.8532481835430832
633	5	6	SECOND_PRICE	0	66.6876263602743	1.094908769963829
634	5	6	SECOND_PRICE	0	64.142609212211	1.6064080769762858
635	5	7	SECOND_PRICE	0	65.77217776694283	1.7288628096648084
636	5	7	SECOND_PRICE	0	64.70541656308706	1.0235747342935217
637	5	7	SECOND_PRICE	0	65.89629116477518	1.7502558177823804
638	5	7	SECOND_PRICE	0	66.3733528874044	1.3412854622089674
639	5	7	SECOND_PRICE	0	63.83119424564434	1.5233353498666657
640	5	8	SECOND_PRICE	0	65.64820361217976	1.1856682821648925
641	5	8	SECOND_PRICE	0	63.443169387301495	1.1366978198894573
642	5	8	SECOND_PRICE	0	68.0912366732008	1.1075933956555573
643	5	8	SECOND_PRICE	0	66.53245644185955	1.3488359941502668
644	5	8	SECOND_PRICE	0	68.37938602222088	1.7238090564259225
645	5	9	SECOND_PRICE	0	64.04151205278066	1.6158942529659088
646	5	9	SECOND_PRICE	0	64.51931398577862	1.9968025286467497
647	5	9	SECOND_PRICE	0	64.5301153578237	1.0805732717677612
648	5	9	SECOND_PRICE	0	64.85751595801621	1.5641615809322458
649	5	9	SECOND_PRICE	0	67.4099335181244	1.9874648872198684
650	5	10	SECOND_PRICE	0	62.686474143978344	1.132825028594203
651	5	10	SECOND_PRICE	0	66.17468060573998	1.0887915253499822
652	5	10	SECOND_PRICE	0	65.36582720123931	1.0122917525721515
653	5	10	SECOND_PRICE	0	65.12308144734735	1.0965075107701363
654	5	10	SECOND_PRICE	0	64.62099344040182	1.1417188551525417
655	5	11	SECOND_PRICE	0	65.23206552221222	1.4756253981111818
656	5	11	SECOND_PRICE	0	63.89437486477708	1.764584082586452
657	5	11	SECOND_PRICE	0	62.39550199283888	1.576457860182971
658	5	11	SECOND_PRICE	0	65.98246125984089	1.9551789510596378
659	5	11	SECOND_PRICE	0	63.13501986332893	1.5263596108021238
660	5	12	SECOND_PRICE	0	61.75319204147576	1.8587957249089415
661	5	12	SECOND_PRICE	0	66.74785117806579	1.8886159277669683
662	5	12	SECOND_PRICE	0	65.91260611228093	1.4561737092765834
663	5	12	SECOND_PRICE	0	62.75769019834609	1.5978503573777312
664	5	12	SECOND_PRICE	0	65.78060535647089	1.841241902311487
665	5	13	SECOND_PRICE	0	65.81744239226975	1.737311103445295
666	5	13	SECOND_PRICE	0	61.53720520866066	1.0990213031227087
667	5	13	SECOND_PRICE	0	65.65533636458301	1.383451434810456
668	5	13	SECOND_PRICE	0	64.62313299463054	1.9143504341059285
669	5	13	SECOND_PRICE	0	64.141360324857	1.5450617700408877
670	5	14	SECOND_PRICE	0	64.73849853969865	1.3118471323871574
671	5	14	SECOND_PRICE	0	63.84095848679864	1.4028630384009355
672	5	14	SECOND_PRICE	0	65.00802473858347	1.8185833094739314
673	5	14	SECOND_PRICE	0	63.73431305733312	1.7365441528989582
674	5	14	SECOND_PRICE	0	66.63668316680312	1.8344842489219415
675	5	15	SECOND_PRICE	0	63.26568846560182	1.3764601296829406
676	5	15	SECOND_PRICE	0	62.92355917005375	1.6221296080437069
677	5	15	SECOND_PRICE	0	62.860948396093555	1.5397641978943584
678	5	15	SECOND_PRICE	0	65.1561030230381	1.211790232997057
679	5	15	SECOND_PRICE	0	61.87046905944175	1.4515749237879543
680	5	16	SECOND_PRICE	0	64.57093894484578	1.0888436206155745
681	5	16	SECOND_PRICE	0	64.87757599312681	1.5341283947239168
682	5	16	SECOND_PRICE	0	65.17337005150415	1.973354039143742
683	5	16	SECOND_PRICE	0	62.61911664513512	1.8598458228714008
684	5	16	SECOND_PRICE	0	65.10801055280271	1.0845134549467428
685	5	17	SECOND_PRICE	0	63.28046386353335	1.457364927863078
686	5	17	SECOND_PRICE	0	61.464782692186716	1.9860153944069265
687	5	17	SECOND_PRICE	0	62.76622064239547	1.129273960949685
688	5	17	SECOND_PRICE	0	61.82510246522075	1.0252396420227052
689	5	17	SECOND_PRICE	0	63.348402499162816	1.3514062180620106
690	5	18	SECOND_PRICE	0	64.32441373308701	1.412171350190886
691	5	18	SECOND_PRICE	0	62.34430440044938	1.5910626905265162
692	5	18	SECOND_PRICE	0	61.945591660810855	1.0580132277668137
693	5	18	SECOND_PRICE	0	63.49023844591706	1.868683296017879
694	5	18	SECOND_PRICE	0	65.26210169733606	1.5362898721252791
695	5	19	SECOND_PRICE	0	60.222390151593615	1.3134331271226092
696	5	19	SECOND_PRICE	0	64.68039681011781	1.4153642391188512
697	5	19	SECOND_PRICE	0	61.55004345058214	1.2374967278315858
698	5	19	SECOND_PRICE	0	63.25670139569346	1.2829327308255454
699	5	19	SECOND_PRICE	0	59.01657081921684	1.0238288614237674
700	5	20	SECOND_PRICE	0	59.27315277945585	1.136461687813458
701	5	20	SECOND_PRICE	0	60.47471135357979	1.600072557354476
702	5	20	SECOND_PRICE	0	63.85827113114177	1.2321044498332046
703	5	20	SECOND_PRICE	0	59.8975556490521	1.0810361096407473
704	5	20	SECOND_PRICE	0	61.86317198889899	1.0862235201602863
705	5	21	SECOND_PRICE	0	62.087616750301876	1.557600166736535
706	5	21	SECOND_PRICE	0	61.32495296286218	1.8149493790670044
707	5	21	SECOND_PRICE	0	59.87182868833749	1.7420452386650314
708	5	21	SECOND_PRICE	0	63.73818025485633	1.6254130446594823
709	5	21	SECOND_PRICE	0	57.818458340052544	1.050567324471182
710	5	22	SECOND_PRICE	0	63.30517781833424	1.015994074240084
711	5	22	SECOND_PRICE	0	61.50634682571168	1.4044648189717601
712	5	22	SECOND_PRICE	0	60.86444175288397	1.7081159630769256
713	5	22	SECOND_PRICE	0	61.79196308026905	1.842545419831347
714	5	22	SECOND_PRICE	0	61.99459440933893	1.361363373523203
715	5	23	SECOND_PRICE	0	62.42504041015312	1.3880516504627556
716	5	23	SECOND_PRICE	0	60.58134430955359	1.4834485965701005
717	5	23	SECOND_PRICE	0	60.33492518072714	1.236342363403713
718	5	23	SECOND_PRICE	0	60.679101330211935	1.6244806601478246
719	5	23	SECOND_PRICE	0	62.90386176494597	1.1553632580590576
720	6	0	SECOND_PRICE	0	60.173564474303916	1.0578304498578368
721	6	0	SECOND_PRICE	0	60.737611721292815	1.311528404969013
722	6	0	SECOND_PRICE	0	60.65877160060352	1.640023016716658
723	6	0	SECOND_PRICE	0	59.10027876750076	1.447415400351489
724	6	0	SECOND_PRICE	0	61.54001851458727	1.329619343712656
725	6	1	SECOND_PRICE	0	60.82073312984479	1.8285567783343657
726	6	1	SECOND_PRICE	0	60.62847807813159	1.128051758345131
727	6	1	SECOND_PRICE	0	59.79944057758789	1.1176855224599263
728	6	1	SECOND_PRICE	0	64.00692214469987	1.0480860935181997
729	6	1	SECOND_PRICE	0	62.11728681523999	1.4300257644416445
730	6	2	SECOND_PRICE	0	62.63460689897661	1.2796441041046944
731	6	2	SECOND_PRICE	0	59.573310855786566	1.9821735188695175
732	6	2	SECOND_PRICE	0	60.67568358960297	1.508694056391691
733	6	2	SECOND_PRICE	0	60.31771433413594	1.0384232309290704
734	6	2	SECOND_PRICE	0	61.644282477870505	1.2327037921202693
735	6	3	SECOND_PRICE	0	60.37046808086205	1.8209748705473499
736	6	3	SECOND_PRICE	0	58.12697480735763	1.0616719320753343
737	6	3	SECOND_PRICE	0	61.485882798785305	1.0669622010411492
738	6	3	SECOND_PRICE	0	58.65456187508193	1.1958818413092678
739	6	3	SECOND_PRICE	0	61.35983640193214	1.8630829931617074
740	6	4	SECOND_PRICE	0	58.78730000172843	1.167928342816206
741	6	4	SECOND_PRICE	0	58.65443986073846	1.8230140567027115
742	6	4	SECOND_PRICE	0	60.095361053617054	1.7230716324356181
743	6	4	SECOND_PRICE	0	61.73760404074099	1.820004016109114
744	6	4	SECOND_PRICE	0	61.779808410328954	1.0537554016175035
745	6	5	SECOND_PRICE	0	60.68208728382614	1.3347515083283494
746	6	5	SECOND_PRICE	0	61.12319329802835	1.0639607124920019
747	6	5	SECOND_PRICE	0	60.26413691881423	1.503382698992557
748	6	5	SECOND_PRICE	0	64.03478048155701	1.6173035895643633
749	6	5	SECOND_PRICE	0	60.637742478086786	1.0996066623862815
750	6	6	SECOND_PRICE	0	59.99085929630808	1.1212206203975899
751	6	6	SECOND_PRICE	0	60.66485399817986	1.7444783820487288
752	6	6	SECOND_PRICE	0	58.37301259102465	1.5331281818932956
753	6	6	SECOND_PRICE	0	59.21529055238228	1.7050552752933874
754	6	6	SECOND_PRICE	0	59.8024039622205	1.5452891676342144
755	6	7	SECOND_PRICE	0	60.23385974820049	1.5664790099739632
756	6	7	SECOND_PRICE	0	60.324342845868955	1.0723659018183207
757	6	7	SECOND_PRICE	0	59.90670871667841	1.797427614768496
758	6	7	SECOND_PRICE	0	57.52020189149377	1.490612260528719
759	6	7	SECOND_PRICE	0	59.652326648923385	1.1134451053223944
760	6	8	SECOND_PRICE	0	59.72129816040332	1.4794882697799494
761	6	8	SECOND_PRICE	0	61.37213647413636	1.1252895912479415
762	6	8	SECOND_PRICE	0	60.222551614566754	1.6210626688479457
763	6	8	SECOND_PRICE	0	60.94150310890366	1.1203993265196157
764	6	8	SECOND_PRICE	0	56.28117922592425	1.2357091935972
765	6	9	SECOND_PRICE	0	59.13302429019522	1.4547986508252384
766	6	9	SECOND_PRICE	0	55.30618522537721	1.7206863088788351
767	6	9	SECOND_PRICE	0	60.136308005704365	1.7343403564636712
768	6	9	SECOND_PRICE	0	58.75736613552847	1.0123502995813511
769	6	9	SECOND_PRICE	0	59.74585848560886	1.9584595772971185
770	6	10	SECOND_PRICE	0	57.458987766049454	1.367263923851892
771	6	10	SECOND_PRICE	0	59.1219412033138	1.6428866711053132
772	6	10	SECOND_PRICE	0	59.97400195264117	1.6944911652122645
773	6	10	SECOND_PRICE	0	59.368177956116945	1.738786943490251
774	6	10	SECOND_PRICE	0	57.44998746739947	1.1518225664173958
775	6	11	SECOND_PRICE	0	59.191909534115325	1.7402336886809944
776	6	11	SECOND_PRICE	0	58.67369562378496	1.7980738375700764
777	6	11	SECOND_PRICE	0	59.84260758581914	1.0566476983130078
778	6	11	SECOND_PRICE	0	56.71052456523611	1.291893247723141
779	6	11	SECOND_PRICE	0	56.742482521895816	1.9191311937474453
780	6	12	SECOND_PRICE	0	59.813022183261936	1.888858301769009
781	6	12	SECOND_PRICE	0	57.538864204750894	1.3296539697363141
782	6	12	SECOND_PRICE	0	56.62983023731392	1.0990634600530433
783	6	12	SECOND_PRICE	0	58.0684183142937	1.3172785758278986
784	6	12	SECOND_PRICE	0	59.2704411006625	1.846264711161287
785	6	13	SECOND_PRICE	0	58.70087041358432	1.6295325692883447
786	6	13	SECOND_PRICE	0	57.072465717223864	1.171821714569588
787	6	13	SECOND_PRICE	0	58.16098007207225	1.7505941092561814
788	6	13	SECOND_PRICE	0	59.49746615470687	1.5544302831610262
789	6	13	SECOND_PRICE	0	54.78521943789893	1.0397503063376203
790	6	14	SECOND_PRICE	0	58.44867442335032	1.8759154912137483
791	6	14	SECOND_PRICE	0	58.89414099992602	1.7725995717688092
792	6	14	SECOND_PRICE	0	58.023160863235326	1.1724447778255298
793	6	14	SECOND_PRICE	0	56.92020702219325	1.3149452547510179
794	6	14	SECOND_PRICE	0	57.37311203565358	1.593592889423244
795	6	15	SECOND_PRICE	0	56.77842825913392	1.1742442626942724
796	6	15	SECOND_PRICE	0	57.13701435943057	1.225239115075072
797	6	15	SECOND_PRICE	0	58.06871298328934	1.4871470142498722
798	6	15	SECOND_PRICE	0	58.407120743618066	1.0367486457166635
799	6	15	SECOND_PRICE	0	59.365507389147126	1.548110481931832
800	6	16	SECOND_PRICE	0	60.42459006050289	1.0472945983576571
801	6	16	SECOND_PRICE	0	58.51455372076184	1.2788427833057487
802	6	16	SECOND_PRICE	0	60.08231512657803	1.2755812261491677
803	6	16	SECOND_PRICE	0	55.97598459637846	1.4396257684132858
804	6	16	SECOND_PRICE	0	57.08709001715324	1.561525083044868
805	6	17	SECOND_PRICE	0	57.89059559673983	1.9046711458147723
806	6	17	SECOND_PRICE	0	58.156794833858456	1.8183882201413115
807	6	17	SECOND_PRICE	0	56.26245562661647	1.2286835627583412
808	6	17	SECOND_PRICE	0	56.36745366305061	1.4985256181290563
809	6	17	SECOND_PRICE	0	56.42212477758733	1.2358825016525712
810	6	18	SECOND_PRICE	0	57.79000140547114	1.295670148016324
811	6	18	SECOND_PRICE	0	56.569479513601365	1.2489396913967086
812	6	18	SECOND_PRICE	0	55.14888919673936	1.5700414338047786
813	6	18	SECOND_PRICE	0	56.82389921009255	1.4598538088950461
814	6	18	SECOND_PRICE	0	58.28939658438658	1.536107366942316
815	6	19	SECOND_PRICE	0	57.491443414781905	1.9875717929940642
816	6	19	SECOND_PRICE	0	55.922916384972886	1.3855409303280424
817	6	19	SECOND_PRICE	0	55.577578289820856	1.5245197366306815
818	6	19	SECOND_PRICE	0	55.82084982572651	1.3035613752417048
819	6	19	SECOND_PRICE	0	54.52747626469463	1.4495741362866383
820	6	20	SECOND_PRICE	0	54.662133243398905	1.60466641155611
821	6	20	SECOND_PRICE	0	57.09650667881606	1.4503483712263114
822	6	20	SECOND_PRICE	0	53.05739452603561	1.0065505380650346
823	6	20	SECOND_PRICE	0	57.742199831430646	1.6383330033943055
824	6	20	SECOND_PRICE	0	53.76370509601301	1.482937078058129
825	6	21	SECOND_PRICE	0	55.0481885140968	1.8111254291435201
826	6	21	SECOND_PRICE	0	57.54642717155459	1.8997374721328883
827	6	21	SECOND_PRICE	0	55.62136664369005	1.020872639415678
828	6	21	SECOND_PRICE	0	57.196831604354394	1.3801077216868602
829	6	21	SECOND_PRICE	0	56.979976793975496	1.5782324655575484
830	6	22	SECOND_PRICE	0	56.33735319205818	1.6678181127761846
831	6	22	SECOND_PRICE	0	57.184154167909305	1.7686562080647508
832	6	22	SECOND_PRICE	0	57.02355758107321	1.3519975977989092
833	6	22	SECOND_PRICE	0	51.87528881919805	1.784047062260822
834	6	22	SECOND_PRICE	0	57.275340599004906	1.9720929896066504
835	6	23	SECOND_PRICE	0	56.90175641026534	1.4827855597760533
836	6	23	SECOND_PRICE	0	54.918378357622494	1.0016694981765533
837	6	23	SECOND_PRICE	0	54.959482784110335	1.121638979670521
838	6	23	SECOND_PRICE	0	53.686561346209125	1.3375967811336889
839	6	23	SECOND_PRICE	0	56.28997089921326	1.8706728055202464
840	7	0	SECOND_PRICE	0	54.44890538902068	1.7136559076091338
841	7	0	SECOND_PRICE	0	54.03839747766474	1.0999636893954592
842	7	0	SECOND_PRICE	0	54.71577848029187	1.44502182906486
843	7	0	SECOND_PRICE	0	54.67106891684699	1.8675082043632418
844	7	0	SECOND_PRICE	0	56.00708575357644	1.3980727411254494
845	7	1	SECOND_PRICE	0	55.20443709950201	1.8854184234884936
846	7	1	SECOND_PRICE	0	54.66302708832199	1.5631182360842755
847	7	1	SECOND_PRICE	0	55.78107075292592	1.3037908675630894
848	7	1	SECOND_PRICE	0	55.21448649293183	1.4486082882592146
849	7	1	SECOND_PRICE	0	54.74679105529009	1.722838059703553
850	7	2	SECOND_PRICE	0	55.130828543427	1.9550621058759354
851	7	2	SECOND_PRICE	0	52.290605070370646	1.8520451037679155
852	7	2	SECOND_PRICE	0	55.525660521936686	1.2441611142673947
853	7	2	SECOND_PRICE	0	55.323124666600656	1.5417728104297646
854	7	2	SECOND_PRICE	0	55.20032403445686	1.785685174381236
855	7	3	SECOND_PRICE	0	55.92488537748678	1.4255915000438817
856	7	3	SECOND_PRICE	0	53.25207496875655	1.1690615170731027
857	7	3	SECOND_PRICE	0	55.23226093614402	1.8747933339321063
858	7	3	SECOND_PRICE	0	56.18864711535687	1.4697935568157834
859	7	3	SECOND_PRICE	0	56.00809443693356	1.0946970233711733
860	7	4	SECOND_PRICE	0	57.25444785830886	1.6745752907775664
861	7	4	SECOND_PRICE	0	55.55512409352849	1.1367858767121635
862	7	4	SECOND_PRICE	0	52.2060457574743	1.990634061297093
863	7	4	SECOND_PRICE	0	55.23945814188731	1.1477382825249602
864	7	4	SECOND_PRICE	0	54.74248190765031	1.1680723987867179
865	7	5	SECOND_PRICE	0	55.90584814463092	1.9811375433862377
866	7	5	SECOND_PRICE	0	52.92920149505323	1.6919339893392318
867	7	5	SECOND_PRICE	0	53.66556347824503	1.6296711190637003
868	7	5	SECOND_PRICE	0	51.76725466104255	1.5944390439135554
869	7	5	SECOND_PRICE	0	53.61470991225757	1.3697338931733132
870	7	6	SECOND_PRICE	0	54.67237270432304	1.3218773349847956
871	7	6	SECOND_PRICE	0	55.2012947871138	1.5654886058195747
872	7	6	SECOND_PRICE	0	54.231582336056604	1.1345348892180644
873	7	6	SECOND_PRICE	0	51.32691187425539	1.2956766207165122
874	7	6	SECOND_PRICE	0	53.696640536165724	1.881295532224225
875	7	7	SECOND_PRICE	0	54.54666100522099	1.6192307095448149
876	7	7	SECOND_PRICE	0	50.734238248853465	1.7580101609349572
877	7	7	SECOND_PRICE	0	53.09121777071531	1.3008982636801802
878	7	7	SECOND_PRICE	0	54.116071563353245	1.0943295109746658
879	7	7	SECOND_PRICE	0	52.52596308290083	1.5949309868616959
880	7	8	SECOND_PRICE	0	53.973180918360605	1.6097746060597111
881	7	8	SECOND_PRICE	0	53.898588539965345	1.3623822313713565
882	7	8	SECOND_PRICE	0	53.54680448877219	1.5456162816295702
883	7	8	SECOND_PRICE	0	52.87767451854108	1.4787441001661747
884	7	8	SECOND_PRICE	0	53.52035417015643	1.5838406763434536
885	7	9	SECOND_PRICE	0	51.77833612595424	1.0480874708436265
886	7	9	SECOND_PRICE	0	55.94026894253441	1.2514198768404043
887	7	9	SECOND_PRICE	0	52.101055952563634	1.416982078456542
888	7	9	SECOND_PRICE	0	55.477402210430334	1.0965553406479738
889	7	9	SECOND_PRICE	0	52.64180440989575	1.558761836613337
890	7	10	SECOND_PRICE	0	53.796921224550736	1.5909244339700186
891	7	10	SECOND_PRICE	0	51.16102354968074	1.8658047587099895
892	7	10	SECOND_PRICE	0	53.52305506467362	1.6864063145438148
893	7	10	SECOND_PRICE	0	52.27320235446916	1.6276478789944013
894	7	10	SECOND_PRICE	0	55.77187407624216	1.5792665240459969
895	7	11	SECOND_PRICE	0	54.52761715525262	1.6281240350620365
896	7	11	SECOND_PRICE	0	52.143659280669276	1.1802221256146213
897	7	11	SECOND_PRICE	0	52.798995786769716	1.555145756720507
898	7	11	SECOND_PRICE	0	53.25622774173284	1.7390743278231238
899	7	11	SECOND_PRICE	0	52.83560987546232	1.7244646433405877
900	7	12	SECOND_PRICE	0	53.86699121808417	1.660524228476704
901	7	12	SECOND_PRICE	0	53.48151014450394	1.1242398219055953
902	7	12	SECOND_PRICE	0	55.25571273663536	1.6280606282791539
903	7	12	SECOND_PRICE	0	51.92069754826843	1.7731709412195744
904	7	12	SECOND_PRICE	0	51.29139228497217	1.9717580845127163
905	7	13	SECOND_PRICE	0	51.047923322723356	1.49632124272674
906	7	13	SECOND_PRICE	0	50.55431467624707	1.3399500877822748
907	7	13	SECOND_PRICE	0	53.476802206203345	1.3389092786807886
908	7	13	SECOND_PRICE	0	53.101621173835966	1.3800615211762572
909	7	13	SECOND_PRICE	0	52.48697490782874	1.6828222082906341
910	7	14	SECOND_PRICE	0	52.157675123085504	1.4985030012037655
911	7	14	SECOND_PRICE	0	52.367355670484436	1.8664355529385912
912	7	14	SECOND_PRICE	0	52.421958723884224	1.6512673409042207
913	7	14	SECOND_PRICE	0	52.407940778443994	1.0160076160608367
914	7	14	SECOND_PRICE	0	51.23639205040696	1.9274559397914541
915	7	15	SECOND_PRICE	0	51.82346137449439	1.5635536719850198
916	7	15	SECOND_PRICE	0	51.51561001369378	1.9780541890711616
917	7	15	SECOND_PRICE	0	51.33339119854176	1.0472445196391087
918	7	15	SECOND_PRICE	0	50.442481970211546	1.54526553593284
919	7	15	SECOND_PRICE	0	49.249100471356755	1.0726061018413504
920	7	16	SECOND_PRICE	0	51.04303702205757	1.6055674502766841
921	7	16	SECOND_PRICE	0	52.282796299644346	1.35702918528173
922	7	16	SECOND_PRICE	0	50.90046034050505	1.2964031911618155
923	7	16	SECOND_PRICE	0	48.50473306698607	1.008950193203502
924	7	16	SECOND_PRICE	0	51.49476182882423	1.7167746114405151
925	7	17	SECOND_PRICE	0	52.939875882560045	1.4808172926110907
926	7	17	SECOND_PRICE	0	50.91409192295842	1.743026980903171
927	7	17	SECOND_PRICE	0	48.83616351160396	1.9276908443296943
928	7	17	SECOND_PRICE	0	50.98479851898768	1.3222835652778195
929	7	17	SECOND_PRICE	0	51.48865417944797	1.6335102233110759
930	7	18	SECOND_PRICE	0	52.69360251228936	1.6185976824840802
931	7	18	SECOND_PRICE	0	49.128505112516905	1.6078439875187376
932	7	18	SECOND_PRICE	0	51.16336572605054	1.131069413201141
933	7	18	SECOND_PRICE	0	50.398458043806684	1.8050358363707446
934	7	18	SECOND_PRICE	0	50.2197896546804	1.3831898654201973
935	7	19	SECOND_PRICE	0	50.89694943463966	1.4307929804820674
936	7	19	SECOND_PRICE	0	51.98605140145223	1.8724689915939396
937	7	19	SECOND_PRICE	0	50.43229142333905	1.022411863839499
938	7	19	SECOND_PRICE	0	47.47937113082862	1.1632631447114117
939	7	19	SECOND_PRICE	0	49.71270290810832	1.5200323443791817
940	7	20	SECOND_PRICE	0	51.33338719903436	1.4901561881545073
941	7	20	SECOND_PRICE	0	51.342219358660614	1.022241552208369
942	7	20	SECOND_PRICE	0	47.597637869764625	1.1242822505707197
943	7	20	SECOND_PRICE	0	50.886435211344896	1.2274401209639956
944	7	20	SECOND_PRICE	0	50.27626907649405	1.7132598225779705
945	7	21	SECOND_PRICE	0	51.37665724473607	1.0300338386467658
946	7	21	SECOND_PRICE	0	49.74998109862164	1.3825006037243353
947	7	21	SECOND_PRICE	0	49.78874718556937	1.5402853704904245
948	7	21	SECOND_PRICE	0	50.682425234053596	1.5215091573131616
949	7	21	SECOND_PRICE	0	48.298933169597994	1.8842742395599663
950	7	22	SECOND_PRICE	0	47.42284848345591	1.7887533103360906
951	7	22	SECOND_PRICE	0	46.81245248626092	1.3897256757483198
952	7	22	SECOND_PRICE	0	50.669892228515465	1.6221021553057136
953	7	22	SECOND_PRICE	0	48.699247550972096	1.7774883442012739
954	7	22	SECOND_PRICE	0	49.5569326525458	1.6349533244746723
955	7	23	SECOND_PRICE	0	51.39766414854287	1.3855267678763803
956	7	23	SECOND_PRICE	0	48.54397220569707	1.002518570914742
957	7	23	SECOND_PRICE	0	48.30214785920686	1.6567531779322642
958	7	23	SECOND_PRICE	0	51.75554515283098	1.107799706651336
959	7	23	SECOND_PRICE	0	47.19230549856439	1.6511645655576568
960	8	0	SECOND_PRICE	0	48.1714346846267	1.1716164230685095
961	8	0	SECOND_PRICE	0	46.82603542518653	1.9009010746904929
962	8	0	SECOND_PRICE	0	50.91273882069976	1.558332047119746
963	8	0	SECOND_PRICE	0	50.27483108745143	1.8152481166822194
964	8	0	SECOND_PRICE	0	47.965909054541285	1.7858460194441297
965	8	1	SECOND_PRICE	0	48.55492524838808	1.84904542811823
966	8	1	SECOND_PRICE	0	48.84516350579737	1.8029077401365377
967	8	1	SECOND_PRICE	0	44.98512318265644	1.3707761848052908
968	8	1	SECOND_PRICE	0	47.5831255867913	1.4454941246264021
969	8	1	SECOND_PRICE	0	48.43051775531162	1.8240463805349236
970	8	2	SECOND_PRICE	0	48.90729506309459	1.0807352399948356
971	8	2	SECOND_PRICE	0	47.89475914765567	1.3523088769221476
972	8	2	SECOND_PRICE	0	45.27236795412666	1.5882610087572147
973	8	2	SECOND_PRICE	0	47.92853727863145	1.9971228564852113
974	8	2	SECOND_PRICE	0	50.26028369509742	1.3127425160733033
975	8	3	SECOND_PRICE	0	43.57978816395627	1.8632380187603803
976	8	3	SECOND_PRICE	0	50.28472711266197	1.7114824032648852
977	8	3	SECOND_PRICE	0	47.263166440147124	1.1780440424853587
978	8	3	SECOND_PRICE	0	48.72761139775404	1.738629767591906
979	8	3	SECOND_PRICE	0	45.1835618491139	1.0933471648633222
980	8	4	SECOND_PRICE	0	43.19389892579779	1.5624440918989029
981	8	4	SECOND_PRICE	0	48.64253173036307	1.4158644580262707
982	8	4	SECOND_PRICE	0	49.81888572668823	1.0037437634406734
983	8	4	SECOND_PRICE	0	33.65467671502885	1.9411571572040978
984	8	4	SECOND_PRICE	0	38.59225796333466	1.6352291878005478
985	8	5	SECOND_PRICE	0	45.43642727158058	1.9297186250430536
986	8	5	SECOND_PRICE	0	45.56065097870581	1.9407514037115292
987	8	5	SECOND_PRICE	0	45.63220397089656	1.2641072295251936
988	8	5	SECOND_PRICE	0	45.00293017389746	1.6971112550155834
989	8	5	SECOND_PRICE	0	46.427325750601895	1.920331243363002
990	8	6	SECOND_PRICE	0	26.870653386791904	1.7539039928152995
991	8	6	SECOND_PRICE	0	44.39559718607224	1.2961647423336764
992	8	6	SECOND_PRICE	0	23.761275414297646	1.5020147231109036
993	8	6	SECOND_PRICE	0	39.387503546206446	1.7047522276128693
994	8	6	SECOND_PRICE	0	25.58487719528584	1.8712957303185593
995	8	7	SECOND_PRICE	0	40.175133182300584	1.623730107552964
996	8	7	SECOND_PRICE	0	26.78944268711163	1.5887018163619748
997	8	7	SECOND_PRICE	0	45.31324731229743	1.2644498013946401
998	8	7	SECOND_PRICE	0	16.445931773774138	1.4291624802365086
999	8	7	SECOND_PRICE	0	25.10323738867766	1.994973814024136
1000	8	8	SECOND_PRICE	0	23.106639218102668	1.8477192219196834
1001	8	8	SECOND_PRICE	0	17.865816150180137	1.4352132223597565
1002	8	8	SECOND_PRICE	0	19.449246546845668	1.9263701974537784
1003	8	8	SECOND_PRICE	0	12.786820037401256	1.8350661370912258
1004	8	8	SECOND_PRICE	0	15.57805723861507	1.605897084305472
1005	8	9	SECOND_PRICE	0	12.229320796478872	1.2337660960550965
1006	8	9	SECOND_PRICE	0	8.868554102092236	1.5717714137422945
1007	8	9	SECOND_PRICE	0	9.648434902134376	1.105726472827759
1008	8	9	SECOND_PRICE	0	7.9963730150688175	1.2587124236052767
1009	8	9	SECOND_PRICE	0	8.610141377559001	1.3328381758323702
1010	8	10	SECOND_PRICE	0	7.2857660704995615	1.8716925137478297
1011	8	10	SECOND_PRICE	0	6.967528466434114	1.397724322753878
1012	8	10	SECOND_PRICE	0	9.025464422442743	1.310138940893498
1013	8	10	SECOND_PRICE	0	7.106901595730502	1.826721632905136
1014	8	10	SECOND_PRICE	0	7.843971310799926	1.034961999015397
1015	8	11	SECOND_PRICE	0	7.8052913469645295	1.3139307217407457
1016	8	11	SECOND_PRICE	0	5.991895132734133	1.1026245870491191
1017	8	11	SECOND_PRICE	0	7.227095541243378	1.7317356029328648
1018	8	11	SECOND_PRICE	0	7.1922359400225195	1.7362800851770528
1019	8	11	SECOND_PRICE	0	7.197520463570229	1.0455459245494927
1020	8	12	SECOND_PRICE	0	8.470623181494815	1.6507611991296105
1021	8	12	SECOND_PRICE	0	6.891757533363402	1.3831482178370464
1022	8	12	SECOND_PRICE	0	6.732522919226759	1.6125736986455181
1023	8	12	SECOND_PRICE	0	7.026065842976925	1.5973852098900396
1024	8	12	SECOND_PRICE	0	7.708453086416801	1.0586838607744773
1025	8	13	SECOND_PRICE	0	7.176182266352498	1.6042798166511494
1026	8	13	SECOND_PRICE	0	6.334582730904673	1.8111584737219504
1027	8	13	SECOND_PRICE	0	6.833786428047682	1.9617256671716459
1028	8	13	SECOND_PRICE	0	6.617179172547236	1.129630329607029
1029	8	13	SECOND_PRICE	0	6.1827566035401995	1.6936163758409108
1030	8	14	SECOND_PRICE	0	6.931837839467416	1.9629849125353132
1031	8	14	SECOND_PRICE	0	7.55848762176984	1.8174799528280259
1032	8	14	SECOND_PRICE	0	6.438978008225067	1.8529105007720044
1033	8	14	SECOND_PRICE	0	6.442792623832297	1.7925655599525465
1034	8	14	SECOND_PRICE	0	6.922564531287161	1.9700882954363905
1035	8	15	SECOND_PRICE	0	6.349027816967678	1.7325804954162407
1036	8	15	SECOND_PRICE	0	6.098579584736871	1.466850486207016
1037	8	15	SECOND_PRICE	0	7.052230265324304	1.5211601755978008
1038	8	15	SECOND_PRICE	0	6.332614292279265	1.050053850871627
1039	8	15	SECOND_PRICE	0	6.19802732430212	1.1031995938292103
1040	8	16	SECOND_PRICE	0	7.120377137093568	1.7065316512622255
1041	8	16	SECOND_PRICE	0	6.516863109467366	1.5677066216002762
1042	8	16	SECOND_PRICE	0	5.879761660749157	1.3808137366070108
1043	8	16	SECOND_PRICE	0	5.7904248140294206	1.0064809588976242
1044	8	16	SECOND_PRICE	0	6.53290965409697	1.7707466714080669
1045	8	17	SECOND_PRICE	0	6.219977300996762	1.842938680335078
1046	8	17	SECOND_PRICE	0	5.877685925658174	1.1425379200457693
1047	8	17	SECOND_PRICE	0	6.444916062711089	1.6614084927709287
1048	8	17	SECOND_PRICE	0	6.20608088650521	1.129098069848749
1049	8	17	SECOND_PRICE	0	6.095772169364683	1.677051950190271
1050	8	18	SECOND_PRICE	0	6.483069862093297	1.0206405935089982
1051	8	18	SECOND_PRICE	0	6.738167222635234	1.1094647957538786
1052	8	18	SECOND_PRICE	0	5.968363466115574	1.4987778596892776
1053	8	18	SECOND_PRICE	0	5.416692970763692	1.7991984322607926
1054	8	18	SECOND_PRICE	0	6.5056464561388	1.2542419741428614
1055	8	19	SECOND_PRICE	0	6.239672021259993	1.265694243882047
1056	8	19	SECOND_PRICE	0	5.862107080081106	1.2316004233141735
1057	8	19	SECOND_PRICE	0	5.744700899974249	1.351007641881184
1058	8	19	SECOND_PRICE	0	5.899976933871163	1.568859660157643
1059	8	19	SECOND_PRICE	0	5.966260325437775	1.8755612418709369
1060	8	20	SECOND_PRICE	0	5.798958778068659	1.8219586538401416
1061	8	20	SECOND_PRICE	0	6.85264930995651	1.464851717968584
1062	8	20	SECOND_PRICE	0	6.7747041457476485	1.0631140422636398
1063	8	20	SECOND_PRICE	0	6.2608666002417745	1.3050918673510703
1064	8	20	SECOND_PRICE	0	5.560484282422453	1.99205793934241
1065	8	21	SECOND_PRICE	0	5.540987828099523	1.653932904392818
1066	8	21	SECOND_PRICE	0	5.937645214136617	1.966144099572138
1067	8	21	SECOND_PRICE	0	5.61164750395635	1.7830960326102532
1068	8	21	SECOND_PRICE	0	6.2619717420486625	1.6488280851376669
1069	8	21	SECOND_PRICE	0	6.05314898843105	1.8495988550035618
1070	8	22	SECOND_PRICE	0	5.691753869244321	1.3673377081459452
1071	8	22	SECOND_PRICE	0	5.989575939585985	1.1114606518257304
1072	8	22	SECOND_PRICE	0	5.749712680192546	1.4059332162911586
1073	8	22	SECOND_PRICE	0	5.9513883352200185	1.3001644833774777
1074	8	22	SECOND_PRICE	0	5.764840699150914	1.914808268625804
1075	8	23	SECOND_PRICE	0	5.393480594530836	1.0347938464207067
1076	8	23	SECOND_PRICE	0	5.219816936450068	1.8238619878233995
1077	8	23	SECOND_PRICE	0	5.310757198175222	1.6469226865956696
1078	8	23	SECOND_PRICE	0	5.966473874973887	1.9091897974239014
1079	8	23	SECOND_PRICE	0	5.740642294975564	1.3452487868062537
1080	9	0	SECOND_PRICE	0	5.472413596504773	1.8561240826013763
1081	9	0	SECOND_PRICE	0	6.0697741529760645	1.8246638353138955
1082	9	0	SECOND_PRICE	0	5.6220967772593955	1.4120657838094706
1083	9	0	SECOND_PRICE	0	5.568548689556565	1.0030271027892534
1084	9	0	SECOND_PRICE	0	5.924000839005737	1.3516876392740462
1085	9	1	SECOND_PRICE	0	5.843284590080097	1.4449583585958783
1086	9	1	SECOND_PRICE	0	5.344124377075705	1.957826029321041
1087	9	1	SECOND_PRICE	0	5.805511136269912	1.0114058430576083
1088	9	1	SECOND_PRICE	0	5.5657164172720535	1.9634497270135944
1089	9	1	SECOND_PRICE	0	5.62576482332903	1.2107619233783546
1090	9	2	SECOND_PRICE	0	5.667725559448918	1.4682865387128952
1091	9	2	SECOND_PRICE	0	5.702609272550547	1.493530790213916
1092	9	2	SECOND_PRICE	0	5.527177922004235	1.4974555706620127
1093	9	2	SECOND_PRICE	0	5.636418673829883	1.7404422074505406
1094	9	2	SECOND_PRICE	0	5.292628974311063	1.9823558043851675
1095	9	3	SECOND_PRICE	0	5.36429054461743	1.750621172065315
1096	9	3	SECOND_PRICE	0	5.803128416303254	1.8682110022519616
1097	9	3	SECOND_PRICE	0	5.791892361145076	1.481216858880323
1098	9	3	SECOND_PRICE	0	5.179950952625104	1.5721192915209747
1099	9	3	SECOND_PRICE	0	5.985985250015652	1.9896988354403016
1100	9	4	SECOND_PRICE	0	5.235978200804179	1.0476735009195237
1101	9	4	SECOND_PRICE	0	5.315195375676434	1.6320261022721545
1102	9	4	SECOND_PRICE	0	5.45006341069429	1.3115341179736206
1103	9	4	SECOND_PRICE	0	5.498104104085461	1.1516658473821748
1104	9	4	SECOND_PRICE	0	5.289269605998823	1.480468613051423
1105	9	5	SECOND_PRICE	0	5.322394627627429	1.4965335755594547
1106	9	5	SECOND_PRICE	0	5.318047566474116	1.6355141930124515
1107	9	5	SECOND_PRICE	0	5.307145663549599	1.5013959374433705
1108	9	5	SECOND_PRICE	0	5.3590778621838675	1.299131437088283
1109	9	5	SECOND_PRICE	0	5.5242440277764935	1.3341970397589695
1110	9	6	SECOND_PRICE	0	4.906339942456684	1.644593331209459
1111	9	6	SECOND_PRICE	0	5.113499889693982	1.6767583666498933
1112	9	6	SECOND_PRICE	0	5.412609504833543	1.9125102557461204
1113	9	6	SECOND_PRICE	0	5.21389644877923	1.4118619163423558
1114	9	6	SECOND_PRICE	0	5.2697384715171784	1.4248868241319688
1115	9	7	SECOND_PRICE	0	4.929209241307849	1.9476925509014036
1116	9	7	SECOND_PRICE	0	4.891044734223234	1.020286226211933
1117	9	7	SECOND_PRICE	0	5.403633704449054	1.6725771588105998
1118	9	7	SECOND_PRICE	0	5.258889033937829	1.1250220479123536
1119	9	7	SECOND_PRICE	0	5.080581027325496	1.3343149311045877
1120	9	8	SECOND_PRICE	0	5.195821814047169	1.6837765344583198
1121	9	8	SECOND_PRICE	0	5.188353333940549	1.4386295061047871
1122	9	8	SECOND_PRICE	0	5.036219632258347	1.1989542344108732
1123	9	8	SECOND_PRICE	0	5.344148955005969	1.5581266024486444
1124	9	8	SECOND_PRICE	0	5.052054443993458	1.2829362040602503
1125	9	9	SECOND_PRICE	0	5.120730531201962	1.2237958385429724
1126	9	9	SECOND_PRICE	0	5.155942556530344	1.9510056396866353
1127	9	9	SECOND_PRICE	0	5.32550590678293	1.9060848379225956
1128	9	9	SECOND_PRICE	0	5.337142349205369	1.4314991647049986
1129	9	9	SECOND_PRICE	0	4.832534250566196	1.205533819286281
1130	9	10	SECOND_PRICE	0	5.121136148804534	1.2578961607111685
1131	9	10	SECOND_PRICE	0	4.965088004473648	1.8231779802597035
1132	9	10	SECOND_PRICE	0	5.115828771326659	1.9796353206770219
1133	9	10	SECOND_PRICE	0	4.881044925545836	1.7487970738045973
1134	9	10	SECOND_PRICE	0	4.935934503130931	1.8952993865323167
1135	9	11	SECOND_PRICE	0	4.916950706531111	1.2484393911997547
1136	9	11	SECOND_PRICE	0	5.188091937899106	1.7771263698765911
1137	9	11	SECOND_PRICE	0	4.944688603517154	1.9234797869844138
1138	9	11	SECOND_PRICE	0	4.739972409008946	1.04549697520391
1139	9	11	SECOND_PRICE	0	5.173811500718865	1.7981256433989976
1140	9	12	SECOND_PRICE	0	5.168357127154939	1.952572506264271
1141	9	12	SECOND_PRICE	0	5.0355874202186675	1.493595055358952
1142	9	12	SECOND_PRICE	0	4.950681072633301	1.9822031909654136
1143	9	12	SECOND_PRICE	0	4.869334750293123	1.9694029185021815
1144	9	12	SECOND_PRICE	0	4.992545176341845	1.841604756612926
1145	9	13	SECOND_PRICE	0	4.642194777460702	1.654753510090379
1146	9	13	SECOND_PRICE	0	4.801450866786891	1.2958051696987294
1147	9	13	SECOND_PRICE	0	4.886777968185705	1.42705500116764
1148	9	13	SECOND_PRICE	0	4.669254018925173	1.8942683371585227
1149	9	13	SECOND_PRICE	0	4.858104278004405	1.3571065196228633
1150	9	14	SECOND_PRICE	0	4.859946909294922	1.1987635554032794
1151	9	14	SECOND_PRICE	0	4.5511095218768896	1.0267380461212205
1152	9	14	SECOND_PRICE	0	4.4238092118867405	1.6677843881624184
1153	9	14	SECOND_PRICE	0	4.824313030164466	1.4419732402047156
1154	9	14	SECOND_PRICE	0	4.509733610276985	1.1829276723182007
1155	9	15	SECOND_PRICE	0	4.82393055137319	1.4528055407236358
1156	9	15	SECOND_PRICE	0	4.689988067706824	1.6831473373943102
1157	9	15	SECOND_PRICE	0	4.823521233974311	1.3703365118335755
1158	9	15	SECOND_PRICE	0	4.5562283228554685	1.6895320779635017
1159	9	15	SECOND_PRICE	0	4.778270996349625	1.1111243477812893
1160	9	16	SECOND_PRICE	0	4.899626607751741	1.013007688238785
1161	9	16	SECOND_PRICE	0	4.7839632240321155	1.1530164154831
1162	9	16	SECOND_PRICE	0	4.906666568490893	1.7848547902746785
1163	9	16	SECOND_PRICE	0	4.7217868543010075	1.534392725852061
1164	9	16	SECOND_PRICE	0	4.613226128819881	1.939751431834535
1165	9	17	SECOND_PRICE	0	4.750632324428663	1.4376222868499071
1166	9	17	SECOND_PRICE	0	4.848432079326591	1.0794016225446594
1167	9	17	SECOND_PRICE	0	4.69446341605787	1.8494667404754148
1168	9	17	SECOND_PRICE	0	4.737348878743506	1.2716332339765481
1169	9	17	SECOND_PRICE	0	4.75891533852682	1.321945309350951
1170	9	18	SECOND_PRICE	0	4.521269283323889	1.7133995715052466
1171	9	18	SECOND_PRICE	0	4.601466903538281	1.894823749364104
1172	9	18	SECOND_PRICE	0	4.725266008018998	1.3414892123125757
1173	9	18	SECOND_PRICE	0	4.559339645602313	1.0243102259586356
1174	9	18	SECOND_PRICE	0	4.845624051265826	1.095014785924446
1175	9	19	SECOND_PRICE	0	4.6717316510314335	1.2748147392954503
1176	9	19	SECOND_PRICE	0	4.685285342937779	1.8691999221992308
1177	9	19	SECOND_PRICE	0	4.5551124571094235	1.3989602912908738
1178	9	19	SECOND_PRICE	0	4.695999818672737	1.822286619242383
1179	9	19	SECOND_PRICE	0	4.657022378454604	1.7046392934820864
1180	9	20	SECOND_PRICE	0	4.608148005076846	1.8830346416858963
1181	9	20	SECOND_PRICE	0	4.7442684735406635	1.8705921843589437
1182	9	20	SECOND_PRICE	0	4.661265692348539	1.4151271706618096
1183	9	20	SECOND_PRICE	0	4.533944963619072	1.0126200544853694
1184	9	20	SECOND_PRICE	0	4.204851551671598	1.6014042503596746
1185	9	21	SECOND_PRICE	0	4.690171652373332	1.8043790356011709
1186	9	21	SECOND_PRICE	0	4.581732465309797	1.0356587099827816
1187	9	21	SECOND_PRICE	0	4.761443380395397	1.4233203005469788
1188	9	21	SECOND_PRICE	0	4.254956151481884	1.0611620476222665
1189	9	21	SECOND_PRICE	0	4.464077411201868	1.4111719473354842
1190	9	22	SECOND_PRICE	0	4.492854456106792	1.6970762994412376
1191	9	22	SECOND_PRICE	0	4.352227227614046	1.408299643933098
1192	9	22	SECOND_PRICE	0	3.9220179323604567	1.4839730345471327
1193	9	22	SECOND_PRICE	0	4.1159859613568575	1.4747043591616076
1194	9	22	SECOND_PRICE	0	4.545560268255946	1.4413331226258101
1195	9	23	SECOND_PRICE	0	4.419824908130002	1.0616505131971072
1196	9	23	SECOND_PRICE	0	4.805125653187055	1.6901657045901661
1197	9	23	SECOND_PRICE	0	4.354959806420565	1.5903562538448939
1198	9	23	SECOND_PRICE	0	4.612234821720239	1.7281894873687413
1199	9	23	SECOND_PRICE	0	4.155708371417275	1.9732557809442581
